0.852846
0.092867
0.773503
-0.479604
-0.321056
0.967009
0.285528
0.382973
-0.739872
0.109204
-0.039328
-0.577850
0.266183
0.645142
-0.667512
-0.619737
-0.324421
-0.472729
-0.764671
-0.215047
-0.908526
0.413724
0.073627
0.566940
0.875932
-0.838877
0.513744
-0.459252
0.572339
0.854678
-0.713278
0.017730
-0.527726
0.038417
0.301039
-0.890164
0.036768
-0.133191
-0.543187
-0.185711
0.361846
0.098535
0.681204
-0.682509
-0.598096
0.004874
0.275348
-0.237396
-0.015895
-0.843998
-0.411510
0.922255
0.806809
-0.684281
-0.544213
0.780303
-0.754519
-0.892857
-0.163890
0.897765
0.421917
0.085042
0.722799
0.961391
-0.325764
-0.998569
0.360373
0.109463
0.814375
-0.736505
-0.974662
0.004899
0.803154
-0.222324
-0.834780
-0.187554
-0.449548
0.465436
-0.736893
-0.590192
