-0.604658
-0.592599
-0.463435
-0.313244
-0.042906
0.232330
0.337308
-1.139187
-0.952663
1.363232
0.004362
0.713721
0.446467
1.650355
-0.127953
0.563049
-1.997082
-0.940271
0.510813
0.771609
0.253514
-1.575175
-0.741089
0.334124
0.269638
-1.164368
0.316217
-0.858173
1.105164
0.791017
-0.842782
-0.694084
-0.454579
-0.001666
-0.414172
0.569429
0.152486
0.719139
0.413255
-0.161738
2.260105
-1.048860
-0.005825
-0.513672
0.471033
0.875308
-0.006399
-0.326422
-0.256197
0.171479
0.180012
-0.196641
-0.236212
0.046399
0.545322
0.454755
0.151723
-1.208589
1.627335
0.096881
0.378946
-1.943876
-0.136445
-0.821109
0.287592
0.096915
0.269365
-0.584828
1.391698
1.389001
-0.908081
-0.826981
0.210864
-0.940331
1.002788
1.054739
0.735874
-0.809860
-0.159589
0.032829
